HuHeHaoTe=111.62299-40.80772
ChengDu=104.10194-30.65984
GuangZhou=113.27324-23.15792
HK=114.16546-22.27534
WuXi=120.28429-31.52853
HuaDong1=120.165024-30.252501
HuaBei3=116.397459-39.938884
Shanghai=121.48941-31.40527
BJ=116.397459-39.938884
